-87.7322936536
7.1860644422
7.1861549699
144.6921963365
144.6921707417
0.0000900130
0.0000889218
1.7085651050
1.6508065092
0.0010056043
0.8068415073
0.8064973688
1.0000000000
1.0000000000
0.0001981534
0.4791849396
0.2392200731
0.0010194602
0.9995326072
0.5208042618
0.0005194472
0.9995326185
0.5678707239
0.0000000025
0.9999999902
0.8935263623
0.9999999902
0.9995279201
0.9999180090
0.0032780621
0.9999999902
0.9999999902
0.0000095639
0.5173143464
0.9661297857
0.9378123923
0.9968300291
0.0000003044
0.0000003803
0.0148121872
