-87.7170666307
8.4351399130
8.4352570291
143.3097546820
143.3097252152
0.0000900038
0.0000883976
1.8523900589
1.7474440972
0.0010088936
0.8065019177
0.8061271166
1.0000000000
1.0000000000
0.0001987274
0.4810551256
0.2433882029
0.0010205083
0.9995313459
0.5266384165
0.0005199815
0.9995313591
0.5726667172
0.0000000025
0.9999999901
0.8652137743
0.9999999901
0.9993087106
0.9998971020
0.0032060779
0.9999999901
0.9999999901
0.0000092569
0.5149546409
0.3442020934
0.0001991421
0.9968340308
0.0000014569
0.0000018200
0.0239139111
