-87.4620268335
8.5812575735
8.5813896582
143.0468757946
143.0468448312
0.0000968728
0.0000948297
2.0857394935
1.9951228091
0.0010655836
0.8007855598
0.8000728128
1.0000000000
1.0000000000
0.0002085907
0.4581303923
0.2148821472
0.0010382054
0.9995099353
0.4746632095
0.0005290033
0.9995099512
0.5157504604
0.0000000027
0.9999999894
0.8495993514
0.9999999894
0.9988827379
0.9998092532
0.0041901218
0.9999999894
0.9999999894
0.0000158031
0.5630530978
0.9718874565
0.9395640962
0.9968989775
0.0000018077
0.0000022591
0.0283843875
