-87.9937469754
6.8295575491
6.8296405082
145.0739287393
145.0739078996
0.0000873949
0.0000867262
1.6271819218
1.5486120772
0.0009507462
0.8125474583
0.8115790838
1.0000000000
1.0000000000
0.0001885538
0.4597191854
0.2074639885
0.0010016515
0.9995535007
0.4415306418
0.0005103686
0.9995535133
0.4800382205
0.0000000023
0.9999999909
0.8261855615
0.9999999909
0.9982866402
0.9996934305
0.0029815193
0.9999999908
0.9999999908
0.0000298104
0.5907328521
0.3962267041
0.0001930721
0.9967621479
0.0000002300
0.0000002872
0.0162329185
