-87.9242129826
7.5701629203
7.5702437351
144.2004438982
144.2004157012
0.0000784383
0.0000774480
2.0193860712
1.9587893933
0.0009650412
0.8110538211
0.8109112448
1.0000000000
1.0000000000
0.0001910604
0.4990587101
0.2720969230
0.0010063529
0.9995481276
0.9995322422
0.0005127653
0.9995481280
0.9995446615
0.0000000024
0.9999999907
0.9168222366
0.9999999907
0.9998083864
0.9999682635
0.0019303096
0.9999999907
0.9999999907
0.0000081841
0.4505879280
0.2523081497
0.0001945176
0.9967800103
0.0000004632
0.0000005789
0.0153036136
