-88.0061912082
7.0667261584
7.0668090657
144.8454908046
144.8454666397
0.0000857863
0.0000847795
1.5847517025
1.5333832684
0.0009482097
0.8128217831
0.8126207764
1.0000000000
1.0000000000
0.0001881086
0.4989597160
0.2674592251
0.0010008090
0.9995545031
0.5686444706
0.0005099391
0.9995545116
0.6217608839
0.0000000023
0.9999999909
0.9071322633
0.9999999909
0.9997157783
0.9999580552
0.0027312835
0.9999999909
0.9999999909
0.0000081557
0.4731766806
0.2724797134
0.0001927639
0.9967586704
0.0000002288
0.0000002858
0.0117571853
