-87.9023108875
7.2844499011
7.2845331963
144.4218436549
144.4218197669
0.0000828844
0.0000818261
2.2416788750
2.1710255043
0.0009695877
0.8105756596
0.8101367661
1.0000000000
1.0000000000
0.0001918568
0.4721088156
0.2239522388
0.0010078407
0.9995463912
0.9991675300
0.0005135237
0.9995463918
0.9994226702
0.0000000024
0.9999999906
0.8383328323
0.9999999906
0.9987368660
0.9997648737
0.0023848903
0.9999999906
0.9999999906
0.0000145672
0.5593915004
0.3897607298
0.0001950092
0.9967858038
0.0000004804
0.0000006004
0.0212886790
