21.2201174370
8.4050580853
8.4061106562
143.2467990710
143.2466123138
0.0003368792
0.0012333174
3.1558817544
0.8250844706
0.9996492381
0.0000000000
0.0000000000
1.0000000000
1.0000000000
0.9999948380
0.0000500269
0.0000219835
0.6213395140
0.0000094372
0.0002888179
0.4552765143
0.0000115329
0.0009046228
0.9974795104
0.0003505922
0.2329910253
0.0000860346
0.3872434114
0.1517385788
0.9926691245
0.0111846822
0.0157257350
0.9773934705
0.9811210097
0.7284378134
0.6326421224
0.9999995741
0.0139860953
0.0172916763
0.4377368108
