-87.6087589932
7.7086737701
7.7087612511
144.0079199708
144.0078898794
0.0000818020
0.0000806621
2.1664399033
2.1038071052
0.0010325959
0.8041024845
0.8038950396
1.0000000000
1.0000000000
0.0002028576
0.4830760072
0.2510813588
0.0010279819
0.9995224772
0.9994663207
0.0005237914
0.9995224777
0.9995082323
0.0000000026
0.9999999899
0.9124208065
0.9999999899
0.9997480074
0.9999517150
0.0022565100
0.9999999898
0.9999999898
0.0000088279
0.4674846770
0.9625325487
0.9386039978
0.9968614369
0.0000005212
0.0000006515
0.0179849975
